!! type posx posy scale
maplength 6010.3
character2 111.36 862.2 6
endpoint 5299.67 325.047 4
enemy 414.72 885.6 4.5
enemy 808.32 869.4 4.5
enemy 1161.6 880.2 4.5
enemy 2045.12 590.4 4.5
enemy 2696.26 900 4.5
enemy 2335.3 892.8 4.5
enemy 3875.97 891 4.5
coin 627.84 590.4 4
coin 741.12 590.4 4
coin 844.8 590.4 4
coin 952.32 590.4 4
coin 1057.92 590.4 4
coin 560.613 892.8 4
coin 671.973 892.8 4
coin 958.053 892.8 4
coin 1050.21 892.8 4
coin 1311.33 892.8 4
coin 1391.97 892.8 4
coin 1476.45 892.8 4
coin 1549.41 892.8 4
coin 1645.41 892.8 4
coin 1734.45 892.8 4
coin 1826.61 892.8 4
coin 1398.22 354.6 4
coin 1501.9 354.6 4
coin 1605.58 354.6 4
coin 1296.46 354.6 4
coin 1720.78 354.6 4
coin 1928.14 603 4
coin 2229.58 603 4
coin 2519.03 903.6 4
coin 2624.63 903.6 4
coin 2927.99 903.6 4
coin 3058.55 903.6 4
coin 3750.18 667.8 4
coin 3867.3 667.8 4
coin 3514.02 909 4
coin 3633.06 909 4
coin 3763.62 909 4
coin 4043.94 909 4
coin 4182.18 909 4
healer 142.08 410.4 4
healer 278.4 351 4
!! type posx posy scale width
brick 3674.89 745.2 2 4
brick 1801.21 702 2 7
brick 549.12 702 2 7
brick 1235.33 450 2 7
ground 0 993.6 2 23
ground 2106.18 995.4 2 13
ground 3405.77 999 2 11
ground 4582.3 997.2 2 17
ground 4667.01 912.6 2 1
ground 4751.49 912.6 2 1
ground 4751.49 828 2 1
ground 4835.97 828 2 1
ground 4835.97 912.6 2 1
ground 4835.97 743.4 2 1
ground 4920.45 743.4 2 1
ground 4920.45 658.8 2 1
ground 4920.45 828 2 1
ground 4920.45 912.6 2 1
