!! type posx posy scale
maplength 6669.7
character1 159.36 554.4 5
endpoint 5867.14 181.8 4.5
enemy 783.36 376.2 4.5
enemy 1356.48 190.8 4.5
enemy 1676.73 891 4.5
enemy 2475.45 469.8 4.5
enemy 4062.1 426.6 4.5
enemy 4737.94 588.6 4.5
enemy 1427.67 883.8 4.5
enemy 5630.95 819 6.9
coin 5044.01 592.2 4.5
coin 4917.29 592.2 4.5
coin 5583.53 523.8 4.5
coin 5671.85 523.8 4.5
coin 5671.85 633.6 4.5
coin 5583.53 633.6 4.5
coin 4504.13 592.2 4.5
coin 4623.17 592.2 4.5
coin 4293.93 424.8 4.5
coin 4199.85 424.8 4.5
coin 3979.05 424.8 4.5
coin 3873.45 424.8 4.5
coin 3169.5 651.6 4.5
coin 3288.54 651.6 4.5
coin 3288.54 522 4.5
coin 3430.62 522 4.5
coin 3430.62 651.6 4.5
coin 3570.78 651.6 4.5
coin 2756.68 473.4 4.5
coin 2653 473.4 4.5
coin 2364.35 473.4 4.5
coin 2262.59 473.4 4.5
coin 405.12 345.6 4.5
coin 481.92 345.6 4.5
coin 998.4 230.4 4.5
coin 1063.68 230.4 4.5
coin 1672.28 97.2 4.5
coin 1727.96 97.2 4.5
coin 1863.51 894.6 4.5
coin 1560.15 894.6 4.5
healer 643.2 178.2 2.25
!! type posx posy scale width
brick 2235.71 563.4 2.25 8
brick 2121.28 693 2.25 1
brick 1998.4 811.8 2.25 1
brick 3859.62 513 2.25 7
brick 4469.03 671.4 2.25 9
brick 5373.7 937.8 2.25 18
brick 5374.52 865.8 2.25 1
brick 5443.96 865.8 2.25 1
brick 5443.96 795.6 2.25 1
ground 3.84003 664.2 2.25 6
ground 1313.11 982.8 2.25 13
ground 582.565 453.6 2.25 6
ground 1209.15 275.4 2.25 5
ground 3058.45 741.6 2.25 9
